26.2
24.7
24.2
23.8
34.1
22.7
22.9
24.9
20.4
22.0
21.0
26.1
23.0
23.7
26.9
26.6
27.2
23.0
22.4
25.5
21.6
23.4
23.9
23.7
21.7
26.0
22.4
25.1
22.6
24.5
21.9
28.0
22.4
29.6
24.7
27.1
24.6
22.4
27.4
22.7
32.0
31.4
25.0
23.6
23.3
26.4
27.6
nan
nan
27.6
29.0
24.4
21.9
25.5
23.3
22.5
23.1
23.3
26.4
23.1
33.4
28.0
21.2
25.6
27.0
23.4
21.7
25.4
23.7
28.9
26.7
22.6
20.2
24.2
24.8
nan
31.0
25.1
24.2
25.6
26.0
21.8
24.2
25.7
27.8
21.4
25.1
24.7
28.4
23.6
26.1
27.4
24.9
28.8
23.7
21.8
26.1
25.3
25.6
27.3
24.5
31.1
27.8
20.5
28.4
20.4
24.6
22.5
26.1
29.5
21.2
27.2
23.3
22.4
21.0
22.5
21.5
25.0
36.8
27.3
25.4
26.7
22.2
26.6
23.4
25.9
29.9
21.5
29.9
25.3
21.2
20.8
19.4
28.7
23.4
23.6
23.4
25.5
23.2
26.1
28.4
26.2
26.4
22.8
24.2
20.5
24.1
21.4
25.1
25.1
26.9
38.8
22.0
21.0
30.0
26.2
21.2
28.9
29.4
24.1
24.2
25.5
nan
25.9
22.4
27.8
23.6
22.1
26.4
22.0
21.3
24.9
26.2
25.8
21.1
27.8
21.1
21.1
22.6
23.3
27.2
32.9
20.0
26.8
28.9
23.6
24.3
27.4
28.0
24.4
24.8
25.6
23.2
23.6
23.1
22.1
19.9
24.5
22.6
24.2
27.1
26.3
24.2
25.3
21.1
25.2
24.2
24.7
25.8
27.0
24.7
23.2
27.0
21.5
28.1
27.7
25.0
26.4
24.0
31.0
22.3
24.4
24.3
21.2
22.5
23.1
24.0
29.2
25.1
23.5
23.7
30.7
22.2
23.3
26.2
21.8
22.8
20.8
21.5
25.8
22.8
23.9
24.5
22.0
26.2
28.1
23.6
24.5
22.5
28.7
27.4
22.1
22.4
19.7
25.6
24.1
22.7
25.9
26.1
21.5
24.0
nan
27.5
26.2
23.8
38.6
22.4
24.5
29.0
25.3
27.5
27.8
24.7
27.2
22.6
28.8
22.2
30.8
24.6
25.8
28.9
25.2
26.3
28.9
23.2
23.3
26.7
25.2
26.1
24.2
22.9
23.0
24.8
21.4
26.0
25.8
28.6
23.9
20.8
23.6
23.4
20.2
28.9
33.1
22.9
29.9
26.0
25.8
28.1
28.2
21.9
nan
22.4
26.9
25.1
33.7
28.5
30.5
24.1
23.6
20.9
26.3
27.2
26.6
23.0
25.5
24.7
26.8
22.0
24.4
28.3
nan
24.7
20.5
23.1
24.9
22.6
22.8
25.3
27.2
24.8
21.4
23.0
25.9
29.1
21.9
24.4
23.3
22.6
26.9
nan
24.0
25.4
28.5
24.5
22.1
22.5
27.4
25.5
24.7
23.8
22.1
24.5
25.7
21.0
23.5
24.1
21.5
26.9
22.8
24.6
27.4
21.0
25.0
19.5
25.6
22.6
33.9
24.4
23.4
29.2
23.5
31.6
23.2
27.8
31.2
23.1
30.8
19.7
23.4
28.9
27.9
29.0
27.1
27.2
25.8
23.5
20.6
24.0
21.4
